n <- 100
k <- 100
p <- k + 1

alpha <- 0.1

